71.0788919
34.7295337
25.5646754
26.950868799999995
43.099538800000005
23.769120700000002
48.325394700000004
84.80376079999999
26.238724999999988
24.885875800000008
38.149984700000005
26.90169309999999
38.3887479
25.51616889999997
39.14215630000001
25.49016019999999
23.884623900000065
24.425637300000062
36.95529260000001
49.27076050000005
23.61577890000001
61.607941900000014
64.01363030000005
25.60385999999994
27.267169699999954
39.73533680000003
24.026339000000007
25.091985499999964
25.05536979999988
26.10438050000016
24.283537999999908
25.342898299999888
24.277564199999915
24.430912499999977
38.65484309999988
26.694871899999953
25.710334099999955
32.78294519999986
38.95529609999994
25.449329199999966
25.87582529999986
24.786763500000006
26.210623599999963
24.859525000000076
39.647925500000156
38.74685580000005
41.07822759999999
27.088534700000082
25.112830799999983
25.50859249999985
39.30537160000017
40.89512310000009
39.25900299999989
26.649345899999844
24.810844999999972
38.64993579999987
27.133923600000116
25.760533900000155
24.177044100000103
26.286966299999904
24.58290349999993
24.61934929999984
25.49486980000006
39.97380369999996
25.636450800000148
26.177783100000397
24.857923599999594
51.1333496999996
25.12041169999975
25.00698629999988
25.807657800000015
38.75145259999999
25.401560100000097
61.530839900000046
25.276470700000118
26.56594270000005
26.0708896000001
25.277580599999965
40.9186481
26.490538600000008
25.308409799999993
39.0418483
49.87154580000001
25.481647600000002
24.61129360000001
38.28157229999999
50.556262799999956
24.94278700000001
39.81206450000002
24.5176596
32.96348649999999
25.4054304
25.693929000000026
63.643990099999996
36.5071087
23.391161699999998
36.28426180000008
36.55196790000002
24.229611200000022
23.498754899999994
36.45722640000008
36.68065810000007
35.34165889999997
24.31303159999993
23.81381810000005
23.560973699999977
23.564203399999997
23.101005500000042
70.74260690000006
23.608332899999823
23.93322420000004
23.879438100000016
36.67478580000011
37.399898699999994
37.359776999999895
24.08384779999983
24.202313600000025
24.69124210000018
24.396325900000193
22.479164700000183
24.9387471
23.725647900000013
23.176370200000065
23.413905399999976
23.124238299999888
25.282114800000045
37.427719100000104
24.339014000000134
37.510237000000004
27.873265099999998
24.552843200000012
38.743260400000025
51.264757300000014
23.579896200000007
24.54895989999997
95.3314307
37.85976119999998
24.747753799999998
37.44429829999996
36.911643699999956
36.82972540000003
36.66221059999998
71.07096639999997
37.50564050000003
69.18397789999995
50.60783939999999
58.62663120000002
22.91486950000001
38.99918379999997
25.988269599999967
78.85522459999993
22.955418699999882
49.43890290000013
60.840799699999934
22.69158779999998
23.566192999999885
23.708887499999946
36.67929499999991
24.444036000000096
23.73544949999996
23.18842820000009
22.972229799999923
23.359077299999853
23.15676929999995
22.56207859999995
23.114354599999842
31.490640900000017
23.36368739999989
23.392712099999926
22.90373109999996
23.638272599999937
23.48276469999996
24.377959200000078
22.941125300000067
23.146435699999984
47.804157499999974
49.57365689999983
23.56959569999981
